function [a] = get_bone_colormap()
a = [1 1 1;0.595988900100908 0.698139437735317 0.720988900100908;0.595988900100908 0.698139437735317 0.720988900100908;0.595988900100908 0.698139437735317 0.720988900100908;0.595988900100908 0.698139437735317 0.720988900100908;0.595988900100908 0.698139437735317 0.720988900100908;0.595988900100908 0.698139437735317 0.720988900100908;0.595988900100908 0.698139437735317 0.720988900100908;0.595988900100908 0.698139437735317 0.720988900100908;0.595988900100908 0.698139437735317 0.720988900100908;0.595988900100908 0.698139437735317 0.720988900100908;0.595988900100908 0.698139437735317 0.720988900100908;0.595988900100908 0.698139437735317 0.720988900100908;0.595988900100908 0.698139437735317 0.720988900100908;0.595988900100908 0.698139437735317 0.720988900100908;0.595988900100908 0.698139437735317 0.720988900100908;0.595988900100908 0.698139437735317 0.720988900100908;0.595988900100908 0.698139437735317 0.720988900100908;0.595988900100908 0.698139437735317 0.720988900100908;0.595988900100908 0.698139437735317 0.720988900100908;0.595988900100908 0.698139437735317 0.720988900100908;0.595988900100908 0.698139437735317 0.720988900100908;0.595988900100908 0.698139437735317 0.720988900100908;0.595988900100908 0.698139437735317 0.720988900100908;0.595988900100908 0.698139437735317 0.720988900100908;0.595988900100908 0.698139437735317 0.720988900100908;0.595988900100908 0.698139437735317 0.720988900100908;0.595988900100908 0.698139437735317 0.720988900100908;0.595988900100908 0.698139437735317 0.720988900100908;0.595988900100908 0.698139437735317 0.720988900100908;0.595988900100908 0.698139437735317 0.720988900100908;0.595988900100908 0.698139437735317 0.720988900100908;0.595988900100908 0.698139437735317 0.720988900100908;0.595988900100908 0.698139437735317 0.720988900100908;0.595988900100908 0.698139437735317 0.720988900100908;0.595988900100908 0.698139437735317 0.720988900100908;0.595988900100908 0.698139437735317 0.720988900100908;0.595988900100908 0.698139437735317 0.720988900100908;0.595988900100908 0.698139437735317 0.720988900100908;0.595988900100908 0.698139437735317 0.720988900100908;0.595988900100908 0.698139437735317 0.720988900100908;0.595988900100908 0.698139437735317 0.720988900100908;0.595988900100908 0.698139437735317 0.720988900100908;0.595988900100908 0.698139437735317 0.720988900100908;0.595988900100908 0.698139437735317 0.720988900100908;0.595988900100908 0.698139437735317 0.720988900100908;0.595988900100908 0.698139437735317 0.720988900100908;0.595988900100908 0.698139437735317 0.720988900100908;0.595988900100908 0.698139437735317 0.720988900100908;0.595988900100908 0.698139437735317 0.720988900100908;0.595988900100908 0.698139437735317 0.720988900100908;0.595988900100908 0.698139437735317 0.720988900100908;0.595988900100908 0.698139437735317 0.720988900100908;0.595988900100908 0.698139437735317 0.720988900100908;0.595988900100908 0.698139437735317 0.720988900100908;0.595988900100908 0.698139437735317 0.720988900100908;0.595988900100908 0.698139437735317 0.720988900100908;0.595988900100908 0.698139437735317 0.720988900100908;0.595988900100908 0.698139437735317 0.720988900100908;0.595988900100908 0.698139437735317 0.720988900100908;0.595988900100908 0.698139437735317 0.720988900100908;0.595988900100908 0.698139437735317 0.720988900100908;0.595988900100908 0.698139437735317 0.720988900100908;0.595988900100908 0.698139437735317 0.720988900100908;0.595988900100908 0.698139437735317 0.720988900100908;0.595988900100908 0.698139437735317 0.720988900100908;0.595988900100908 0.698139437735317 0.720988900100908;0.595988900100908 0.698139437735317 0.720988900100908;0.595988900100908 0.698139437735317 0.720988900100908;0.595988900100908 0.698139437735317 0.720988900100908;0.595988900100908 0.698139437735317 0.720988900100908;0.595988900100908 0.698139437735317 0.720988900100908;0.595988900100908 0.698139437735317 0.720988900100908;0.595988900100908 0.698139437735317 0.720988900100908;0.595988900100908 0.698139437735317 0.720988900100908;0.595988900100908 0.698139437735317 0.720988900100908;0.595988900100908 0.698139437735317 0.720988900100908;0.595988900100908 0.698139437735317 0.720988900100908;0.595988900100908 0.698139437735317 0.720988900100908;0.595988900100908 0.698139437735317 0.720988900100908;0.595988900100908 0.698139437735317 0.720988900100908;0.595988900100908 0.698139437735317 0.720988900100908;0.595988900100908 0.698139437735317 0.720988900100908;0.595988900100908 0.698139437735317 0.720988900100908;0.595988900100908 0.698139437735317 0.720988900100908;0.595988900100908 0.698139437735317 0.720988900100908;0.595988900100908 0.698139437735317 0.720988900100908;0.595988900100908 0.698139437735317 0.720988900100908;0.595988900100908 0.698139437735317 0.720988900100908;0.595988900100908 0.698139437735317 0.720988900100908;0.595988900100908 0.698139437735317 0.720988900100908;0.595988900100908 0.698139437735317 0.720988900100908;0.595988900100908 0.698139437735317 0.720988900100908;0.595988900100908 0.698139437735317 0.720988900100908;0.595988900100908 0.698139437735317 0.720988900100908;0.595988900100908 0.698139437735317 0.720988900100908;0.595988900100908 0.698139437735317 0.720988900100908;0.595988900100908 0.698139437735317 0.720988900100908;0.595988900100908 0.698139437735317 0.720988900100908;0.595988900100908 0.698139437735317 0.720988900100908;0.392028254288597 0.416557824181070 0.517028254288597;0.392028254288597 0.416557824181070 0.517028254288597;0.392028254288597 0.416557824181070 0.517028254288597;0.392028254288597 0.416557824181070 0.517028254288597;0.392028254288597 0.416557824181070 0.517028254288597;0.392028254288597 0.416557824181070 0.517028254288597;0.392028254288597 0.416557824181070 0.517028254288597;0.392028254288597 0.416557824181070 0.517028254288597;0.392028254288597 0.416557824181070 0.517028254288597;0.392028254288597 0.416557824181070 0.517028254288597;0.392028254288597 0.416557824181070 0.517028254288597;0.392028254288597 0.416557824181070 0.517028254288597;0.392028254288597 0.416557824181070 0.517028254288597;0.392028254288597 0.416557824181070 0.517028254288597;0.392028254288597 0.416557824181070 0.517028254288597;0.392028254288597 0.416557824181070 0.517028254288597;0.392028254288597 0.416557824181070 0.517028254288597;0.392028254288597 0.416557824181070 0.517028254288597;0.392028254288597 0.416557824181070 0.517028254288597;0.392028254288597 0.416557824181070 0.517028254288597;0.392028254288597 0.416557824181070 0.517028254288597;0.392028254288597 0.416557824181070 0.517028254288597;0.392028254288597 0.416557824181070 0.517028254288597;0.392028254288597 0.416557824181070 0.517028254288597;0.392028254288597 0.416557824181070 0.517028254288597;0.392028254288597 0.416557824181070 0.517028254288597;0.392028254288597 0.416557824181070 0.517028254288597;0.392028254288597 0.416557824181070 0.517028254288597;0.392028254288597 0.416557824181070 0.517028254288597;0.392028254288597 0.416557824181070 0.517028254288597;0.392028254288597 0.416557824181070 0.517028254288597;0.392028254288597 0.416557824181070 0.517028254288597;0.392028254288597 0.416557824181070 0.517028254288597;0.392028254288597 0.416557824181070 0.517028254288597;0.392028254288597 0.416557824181070 0.517028254288597;0.392028254288597 0.416557824181070 0.517028254288597;0.392028254288597 0.416557824181070 0.517028254288597;0.392028254288597 0.416557824181070 0.517028254288597;0.392028254288597 0.416557824181070 0.517028254288597;0.392028254288597 0.416557824181070 0.517028254288597;0.392028254288597 0.416557824181070 0.517028254288597;0.392028254288597 0.416557824181070 0.517028254288597;0.392028254288597 0.416557824181070 0.517028254288597;0.392028254288597 0.416557824181070 0.517028254288597;0.392028254288597 0.416557824181070 0.517028254288597;0.392028254288597 0.416557824181070 0.517028254288597;0.392028254288597 0.416557824181070 0.517028254288597;0.392028254288597 0.416557824181070 0.517028254288597;